7611935205439520785
7611931559259586561
7611935457156481025
7611935481911164945
7611935522402861073
7611935240357560321
7611935606995304449
7611935608860164097
7611935362052194320
7611935460457381889
7611935421341122577
7611935308405538832
7611935293884940304
7611935210029629457
7611935272545910800
7611935248126525441
7611935556389404689
7611935251257933825
7611935290514145296
7611935460457283585
7611935367784251409
7611935696089120769
7611935690057891857
7611935752640823312
7611935791790555152
7611935957985755153
7611935674014531601
7611935720098856976
7611935991631806481
7611935673016287249
7611935625307684881
7594032617759014913
7251268724206911490
7295293514852679681
7564448361688907783
7260853608722202626
7564726865777917959
7268655905162461185
7252220624653778946
7256729156862410753
7320986507773329409
7535190177501954056
7291693473357365250
7241524991131533313
7508638537823453201
7266779159286792193
7263421795330424834
7235328350498078721
7239987858373656578
7307265032197488642
7257072013179731970
7294626658504441858
7260100824850890754
7261190802523570178
7269403203576365058
7267958287176433665
7269681321474146306
7276122388109082625
7275680887558389762
7268937121086324737
7302390952864317442
7264959664033497090
7261958887086014466
7264488885005090818
7260426939549188097
7265744558871412738
7332709265922359297
7241917230760345602
7395598844198879233
7395598804126482433
7293577676567248898
7264182009549864962
7241923443430653954
7241525367972954113
7241924435698057217
7241924313635405825
7241858334655660034
7241923280381231105
7241524657470341122
7241525221851660289
7241858424814813185
7240855619106881537
7241858010207977474
7241923792824451074
7320988562315509761
7301354668012339201
7279460831778324481
7285608112067706881
7238938507425775617
7238938663130873858
7235881868200116226
7235559299408347138
7237752181410119681
7239987242196844545
7239694802286034946
7239988149194113025
7240693886170005506
7239695904415039490
7235559058579718146
7240839998637948929
7240795956709572609
7235558810176274433
7239987617973026817
7235559077194104833
7240840347541110785
7240839444545208321
7239988548873633794
7240693596448489474
7240840911578497026
7259337776225681410
7257986518281715714
7259046531897114625
7254440346430570497
7256303447316692994
7254543894510092290
7255904476173729793
7256339962390462465
7254545182585077762
7254530051536896001
7255700519765688322
7256754777843826689
7255186158273986562
7255211105881210882
7256853670011092993
7256868790254845954
7254197239248093185
7255015232668565505
7254402886585597954
7256800792378687490
7256452092888350722
7255904605484204033
7254558261460910082
7256013625431719938
7256722006740090882
7256758286882471938
7254194863673999362
7256497482048241666
7262608607148032002
7262039834200539137
7260092210178211841
7261859903885656065
7259837958826524674
7262746222883045378
7262749762317795330
7262341194028482562
7210972563151814657
6938397704238186497
6851851535224143878
6983927640461721601
6854096943900000262
6854083843964534790
6843596990660476934
6843603600841637894
6843603726528151557
6848831129231818758
6901104713790390274
6969955717340004353
6847889876084326405
6847894145013383174
6829891765571420165
6989110405872238594
7027820574462246913
6834080402739560454
7299508622592262146
7310605464612388865
7307415350952542210
7312023300790845442
7301999839326420993
7302331514790887426
7314548218350632962
7303466471919845378
7315042343516635138
7303825786673790977
7303828820358856705
7303828811857215490
7303821490166988802
7304325227134337026
7293092320294125570
7316546955029692417
7316546864642260993
7294627589589843969
7306183345111793666
7283342466567372802
7306609432736268290
7306603134544232449
7309453180746661889
7309453154242838529
7306556428301598721
7307267885129367553
7307268283206729730
7306901930666868738
7312826941218799618
7311646670549303297
7305727949721042945
7309422169820413954
7309422087742095361
7308724016003710977
7308724152117198849
7316029868930613250
7288757676480430082
7288757877408366593
7288908672382271489
7289098600833892354
7289328754101911554
7289813725949804545
7289813801954902018
7289813836193038337
7295653948382363649
7301580720433152001
7307241341346414594
7296375853175308290
7296375919126544385
7296376819710984194
7286978328379293698
7319918173074276353
7319918178040184834
7319918178040315906
7319918246134562817
7319918218431201281
7319918264744722433
7319918283124408322
7319918293580791809
7319918286869823489
7319918351512535041
7319918377617752065
7319918378888675330
7319918371166978049
7319918362518323201
7319918396273999874
7319918448904044545
7319918476217319426
7319918435616849921
7319918464120963074
7319918466063155202
7319918438540165121
7319918526624497666
7319918551970611202
7319918495016402946
7319918522736508929
7319918511713976322
7319918559994429442
7319918619561836546
7319918572804030465
7319918600356265986
7319918674754813954
7319918659290578945
7319918603799937026
7319918666567614465
7319918697479602177
7319918703053930497
7319918740999798785
7319918772763262977
7319918724558110722
7319918751137316866
7319918751137382402
7319918779990016001
7319918812420292610
7319918812915351553
7319918849040613377
7319918884822335490
7319918861493764097
7319918911900712962
7319918884516167681
7319918937909526530
7319918921023815682
7319918914392244226
7319918957593526273
7319918927671328769
7319918963314458626
7319918992850714625
7319918992850845697
7319918992850960385
7319919013025513474
7319918975419465730
7319919071368167425
7319919053034766338
7319919079526154242
7319919110786269185
7319919106680029185
7319919178138288130
7319919185922965505
7319919152335159298
7319919201735409665
7319919174019760130
7319919226993590273
7319919225211518977
7319919255556767745
7319919272333934594
7319919274729111553
7319919298426716162
7319919258870530050
7319919291581808642
7319919324779773954
7319918371166830593
7256387465798238210
7256722684128575489
7256735635677986818
7257612839630733314
7319928696356257794
7319929409523941378
6820579251733921798
6828209988914118662
6828201187863429126
7310534454286483458
7313241611176820737
7313241775458729986
7316435349785903105
7316435658359422978
7316436053668397057
7317835401812099074
7317835701780054017
7256338577959714817
7256322455734681602
7313229203879739393
7259306210933932033
6938394519238868993
7319918341827641346
7319918605209124866
7319918638880915458
7319918317987250178
7255410325665677313
7254556422124437506
7254542557564436482
7254402533576163330
7254195720432025602
6877880352442941441
6872986312433991681
6882382250793500673
6878662572548030466
6877880595033096193
7319919323919941634
7316435503740452866
7316435193999523841
7313242277562925058
7313242073694486530
7316434965321875458
7313241117351215106
7313240278276636673
7297096476910616577
7297096603138310145
7297096861344038914
7297100663887118337
7313226531197714433
7313226677914583041
7313228247767056386
7313228770977005570
7313229506817572866
7313229900130074626
7313235987881099266
7297056395730403329
7297056915748749313
7297056045338329090
7297055859333677057
7297055771550826497
7255352343699439617
7308259893558099970
7308036538242383874
7307270084588863490
7307263817925541889
7306579983464153089
7306545738740432898
7304353350911393793
7304156177527652354
7303557713823907841
7303490689906704386
7302669530491535361
7302661349807636482
7302044542528749569
7302410279365771265
7301757600885063681
7301268750383300610
7300465411833331714
7298768230796066817
7298656371053084674
7298318765161332738
7298056978801098754
7298007634001559554
7297571948014338049
7296069159509721089
7295769304371412994
7294644426016768001
7294644159321899010
7294534559704612865
7294534147677110274
7258918900602060801
7293127077585305602
7292765648491397121
7292765328621207554
7292059624235073537
7290888729953337345
7290552856707645442
7290552668399861761
7289802004481048577
7241923961049677826
7289109182861819905
7289093897882583042
7288337716583120897
7288335565844594689
7287269788001452034
7287129455586181121
7286907390493245441
7286758939121958914
7286476828980707329
7286332773944786945
7285764657623793665
7285707705065439234
7285362922937679874
7285295743907299330
7285042600065695746
7285024325294620673
7284215821763805185
7282740303550005249
7282708976985391105
7282701446537674754
7282409739672371202
7280531698717097986
7280390919442710530
7279793819837677569
7246968272669802497
7279453877735440386
7279085154453766146
7278727332672208897
7278669781967060993
7277983028692140034
7277632505078398978
7277611531184111617
7263948659044188161
7263924145799397378
7263552087626170369
7263896801307082754
7265523993774391297
7267159458030075905
7263557181465837569
7266028811186126849
7273164072596832257
7269707588118315009
7269298025187590145
7269940413400678401
7235559481814319105
7277516169362391042
7277503755879251969
7267367687049854977
7276150168477630466
7266067497273622529
7275664251371618305
7275292746779508737
7274920979967574017
7274486214592380930
7255601657126764545
7273850749912858626
7273796214766796802
7273170343660011522
7273065000158199810
7272706370343059457
7272410039221010433
7272309606339117058
7272050227673169922
7271310915268608001
7271259958124068866
7271229754425016322
7271207611343618050
7270936965183307778
7270923337260367873
7270818912550354946
7270585743750332417
7270478522840317954
7270432497723637761
7270219233546584065
7270215852790759425
7270195195558346754
7270117451298275329
7270097305884246018
7269935654493093890
7269806079129731074
7269768698716520449
7269421131797463041
7269341683253379074
7269060517472321538
7269059319474208770
7269035157774925826
7268974825656385537
7268962066512297986
7268960664784306178
7268929536304136194
7268918182520324098
7268736359962034178
7268735426809151490
7268728747832918018
7268698702179516418
7268651101858136066
7268639727916449794
7268631151911223297
7268603034622623745
7268594932678475778
7268557765390483457
7268556985866518530
7268556229235015681
7268554772783939585
7268104179229507585
7267918492974858242
7267885730393817090
7267880948920827906
7267865813875458050
7267853361846763521
7253851018574725122
7267832636130050049
7254091064082972673
7254090909577396225
7267208126728765441
7267156634013581313
7267102966662512641
7267101683342196737
7267050734972141570
7267039404189827073
7266827444098580482
7266751239776436226
7266714780545630210
7266481289274933249
7266394056983478273
7266393351757365250
7266368645952028674
7261642583376461826
7265943302849970177
7265908124303753218
7265739486447910914
7265733908967292929
7265701018602569730
7265700567647830017
7265682651502084098
7265665838961688578
7265665270641852417
7265659636345700354
7265609677164101634
7265376603293728769
7265290763926257665
7265285828287479810
7265275646853595138
7265258939233730561
7265225055792152577
7264984644381081601
7264647394967453697
7264554402684452866
7264494153706913794
7264266223523856385
7264229492204355586
7263808067622518785
7263769207119118337
7263516628808237057
7263501953466941441
7263431478787309570
7263097863293501441
7241927874855337985
7241928025409847297
7241927539059359745
7263028819391545346
7263027988495679489
7263020651944968194
7262998680981061634
7262794253913391106
7262753036345327617
7262751036786425858
7262745157424906241
7262683055532343297
7262682354051792897
7262673093087232001
7262639802107854849
7262634811410497537
7262633970347671553
7262631912294989825
7256378168641110017
7262392721812291586
7261977789099081729
7261946450525831170
7261933523219546114
7261903308967641090
7261671814445776897
7261662584674222082
7261646745661210626
7261639676660924417
7261474420500283394
7261230239068913665
7260925131252449282
7260907350398205953
7260849360190046209
7260571968716439553
7260542971278393346
7260432295167836162
7260427303107215362
7260406411002265602
7258897400679514113
7260146646804201473
7260144919954636802
7260087257711837185
7260074182191415297
7260029420671434753
7256382621201088513
7259768688558047234
7259747971158245378
7259714959804874753
7259700764476538882
7259572868219027458
7259455481448546305
7259454656806862850
7259448342411886593
7259308413161603074
7259047319985864706
7259070907472183297
7259062821693046786
7259036841951707137
7258936237413646337
7258695189705932802
7258514559177064449
7258285435531591681
7258262005939847170
7258223498596777986
7258216676267704321
7258213420875530241
7258197493718990850
7258196898337570818
7258174563601645570
7258129431166713858
7257907886288945154
7257895094156591105
7257867198985732097
7257831901459726337
7257818288372088834
7257812246036905985
7257483573324759042
7257467647120490498
7257466861489504258
7257449104031236098
7257439990324445186
7257432596878032898
7257167966075174914
7257127288381259777
7257120122077265922
7257118518985211906
7253404157686693890
7255218871207067649
